Amount of possibilities: [(667.06237, 1), (391.749605, 2), (321.955085, 3), (315.67276499999997, 4), (266.78679, 5), (267.440915, 6), (275.053475, 7), (263.05576, 8), (268.384035, 9), (247.886235, 10), (242.851485, 11), (238.785365, 12), (239.856615, 13), (246.16718, 14), (242.76565, 15), (237.572735, 16), (242.90945, 17), (241.44215, 18), (245.65482, 19), (229.704115, 20)]
UPDATE DICTIONARY: 
200 runs
Column amount: [(-339.339535, 2), (-257.41016, 3), (-256.70939, 4), (-258.98875, 5), (-255.696645, 6), (-254.844985, 7), (-259.459145, 8), (-258.087, 9), (-256.06624, 10)]
BDD size: [(-312.33471, 1), (-258.55714, 2), (-259.397475, 3), (-260.08873, 4), (-262.79179, 5), (-260.69362, 6), (-262.834205, 7), (-262.851545, 8), (-263.14748, 9), (-271.76517, 10)]
Amount of possibilities: [(-596.99512, 1), (-418.37001, 2), (-384.849875, 3), (-351.98123, 4), (-290.35629, 5), (-341.72219, 6), (-346.16906, 7), (-322.075805, 8), (-306.607865, 9), (-294.26586, 10)]

CALCULATE PROBABILITY: 
200 runs
Row count: [(1.7, 10), (237.14038, 2520), (460.78575, 5040), (688.217525, 7560), (924.52914, 10080), (1154.13326, 12600), (1375.2303, 15120), (1604.251055, 17640), (1831.88839, 20160), (2059.78139, 22680), (2294.16765, 25200)]
BDD size: [(248.567285, 1), (245.363705, 2), (240.91644, 3), (242.060105, 4), (242.12126, 5), (244.93438, 6), (244.223925, 7), (253.87321, 8), (251.87737, 9), (245.32154, 10)]
Dictionary size: [(3.47, 10), (243.016725, 2520), (461.27905499999997, 5040), (325.59236, 7560), (540.49739, 10080), (853.875995, 12600), (677.169405, 15120), (876.716905, 17640), (691.288555, 20160), (1086.386425, 22680), (1288.207455, 25200)]
Amount of possibilities: [(604.682765, 1), (365.507465, 2), (284.207835, 3), (290.858955, 4), (253.605455, 5), (259.20295, 6), (273.32822, 7), (277.477085, 8), (280.415485, 9), (245.200625, 10)]

UPDATE DICTIONARY: 
200 runs
Row count: [(-376.39094, 2520), (-505.8159, 5040), (-742.670655, 7560), (-992.53988, 10080), (-1224.954375, 12600), (-1465.92374, 15120), (-1702.07684, 17640), (-1948.434605, 20160), (-2175.204225, 22680), (-2421.506645, 25200)]
Dictionary size: [(-309.789655, 2520), (-499.264595, 5040), (-400.64182, 7560), (-565.418935, 10080), (-917.114145, 12600), (-707.830175, 15120), (-903.8684, 17640), (-720.658125, 20160), (-1112.554605, 22680), (-1320.08998, 25200)]

Dictionary size: [(3.384, 10), (3.3602000000000003, 20), (3.317, 30), (3.4186, 40), (3.2612, 50), (3.2724, 60), (12.863, 70), (11.702, 80), (11.9052, 90), (11.493, 100), (11.8988, 110), (10.6632, 120), (23.2408, 130), (22.1652, 140), (21.5574, 150), (20.1984, 160), (22.268, 170), (20.485, 180), (19.5872, 190), (18.982, 200), (17.756, 210), (17.537, 220), (17.0298, 230), (16.2, 240), (15.700600000000001, 250), (38.158, 260), (39.0788, 270), (37.458, 280), (36.9652, 290), (36.0636, 300), (36.4512, 310), (34.954, 320), (37.550799999999995, 330), (35.585, 340), (34.9152, 350), (34.002199999999995, 360), (34.1892, 370), (32.2494, 380), (32.5362, 390), (30.976, 400), (30.101000000000003, 410), (30.1268, 420), (29.159, 430), (29.8998, 440), (28.6852, 450), (27.296, 460), (26.0274, 470), (26.5284, 480), (25.4406, 490), (24.2774, 500), (23.7734, 510), (71.1712, 520), (70.0218, 530), (69.7094, 540), (68.7762, 550), (67.7344, 560), (67.4522, 570), (66.0728, 580), (65.7672, 590), (64.729, 600), (64.25, 610), (66.598, 620), (69.5406, 630), (61.7804, 640), (73.5954, 650), (66.7342, 660), (65.252, 670), (72.11580000000001, 680), (64.7396, 690), (63.4344, 700), (70.31, 710), (67.41799999999999, 720), (68.1932, 730), (61.1456, 740), (60.1558, 750), (66.7108, 760), (59.3966, 770), (62.8972, 780), (57.8478, 790), (61.4698, 800), (57.6592, 810), (55.118, 820), (61.9814, 830), (53.954, 840), (53.442800000000005, 850), (55.0122, 860), (51.007799999999996, 870), (54.0342, 880), (49.4822, 890), (55.5164, 900), (51.7786, 910), (52.596, 920), (46.2104, 930), (45.9948, 940), (45.608, 950), (49.0702, 960), (44.58, 970), (43.0096, 980), (42.9718, 990), (42.3166, 1000), (41.6792, 1010), (43.3486, 1020), (148.3662, 1030), (136.0122, 1040), (135.8288, 1050), (145.4568, 1060), (133.5814, 1070), (133.3536, 1080), (142.1642, 1090), (132.6248, 1100), (129.9794, 1110), (136.6656, 1120), (129.4018, 1130), (146.9608, 1140), (139.0058, 1150), (126.02720000000001, 1160), (125.9516, 1170), (125.50280000000001, 1180), (123.9224, 1190), (127.5296, 1200), (122.9058, 1210), (122.0018, 1220), (138.7294, 1230), (120.8476, 1240), (131.3384, 1250), (133.3648, 1260), (123.439, 1270), (117.3638, 1280), (129.1204, 1290), (129.7648, 1300), (138.7564, 1310), (147.0608, 1320), (126.0744, 1330), (139.3326, 1340), (125.0628, 1350), (127.8494, 1360), (123.6, 1370), (127.517, 1380), (122.337, 1390), (121.9778, 1400), (124.4742, 1410), (135.665, 1420), (118.73559999999999, 1430), (132.3198, 1440), (129.2146, 1450), (115.6714, 1460), (123.0022, 1470), (115.0144, 1480), (114.561, 1490), (116.3828, 1500), (113.1036, 1510), (121.5204, 1520), (111.8316, 1530), (116.5356, 1540), (123.8618, 1550), (112.1956, 1560), (122.4526, 1570), (124.20280000000001, 1580), (108.3678, 1590), (109.2176, 1600), (107.006, 1610), (120.357, 1620), (112.56960000000001, 1630), (103.8246, 1640), (107.0612, 1650), (113.2812, 1660), (101.1258, 1670), (99.8738, 1680), (99.4778, 1690), (99.4898, 1700), (113.70360000000001, 1710), (97.66159999999999, 1720), (108.8968, 1730), (106.742, 1740), (108.4302, 1750), (94.32520000000001, 1760), (103.29780000000001, 1770), (100.59819999999999, 1780), (92.352, 1790), (91.854, 1800), (91.4766, 1810), (94.2542, 1820), (94.221, 1830), (88.693, 1840), (91.6436, 1850), (87.6422, 1860), (89.0896, 1870), (86.3544, 1880), (85.41120000000001, 1890), (84.82939999999999, 1900), (83.6026, 1910), (82.6434, 1920), (82.478, 1930), (81.1698, 1940), (91.34779999999999, 1950), (80.274, 1960), (79.4958, 1970), (88.1456, 1980), (82.5148, 1990), (77.4684, 2000), (81.8754, 2010), (85.4046, 2020), (76.3416, 2030), (74.4028, 2040), (265.7996, 2050), (268.7958, 2060), (265.263, 2070), (263.501, 2080), (262.9184, 2090), (261.779, 2100), (265.7582, 2110), (260.9192, 2120), (259.8136, 2130), (261.0968, 2140), (257.43240000000003, 2150), (262.1676, 2160), (257.2708, 2170), (267.0226, 2180), (280.37600000000003, 2190), (255.7052, 2200), (254.928, 2210), (253.098, 2220), (252.654, 2230), (252.4456, 2240), (251.43019999999999, 2250), (251.4022, 2260), (249.788, 2270), (249.0442, 2280), (253.211, 2290), (250.3402, 2300), (250.6906, 2310), (247.0248, 2320), (245.0262, 2330), (249.2662, 2340), (272.9768, 2350), (243.7072, 2360), (268.835, 2370), (242.299, 2380), (276.7202, 2390), (240.5418, 2400), (239.82659999999998, 2410), (274.6442, 2420), (238.166, 2430), (237.262, 2440), (267.2, 2450), (235.40019999999998, 2460), (234.55, 2470), (265.6274, 2480), (239.274, 2490), (235.3644, 2500), (246.8692, 2510), (232.393, 2520), (259.133, 2530), (231.716, 2540), (252.5992, 2550), (228.5026, 2560), (255.281, 2570), (280.036, 2580), (249.50039999999998, 2590), (250.432, 2600), (272.4548, 2610), (250.1248, 2620), (248.21079999999998, 2630), (246.1756, 2640), (248.8988, 2650), (245.4956, 2660), (243.5666, 2670), (272.7206, 2680), (244.0282, 2690), (243.16219999999998, 2700), (245.08839999999998, 2710), (271.8282, 2720), (239.781, 2730), (262.636, 2740), (266.1488, 2750), (274.6936, 2760), (238.3498, 2770), (236.076, 2780), (256.975, 2790), (257.3682, 2800), (257.7086, 2810), (235.0098, 2820), (231.3186, 2830), (249.7646, 2840), (228.0878, 2850), (229.6664, 2860), (241.7378, 2870), (227.9282, 2880), (231.3496, 2890), (226.9172, 2900), (230.3344, 2910), (225.72560000000001, 2920), (226.3656, 2930), (226.3, 2940), (246.2946, 2950), (254.8928, 2960), (250.37619999999998, 2970), (242.9768, 2980), (230.137, 2990), (221.0366, 3000), (220.75900000000001, 3010), (253.2328, 3020), (218.302, 3030), (247.32999999999998, 3040), (250.1728, 3050), (249.33939999999998, 3060), (242.074, 3070), (214.3458, 3080), (227.3586, 3090), (215.9476, 3100), (221.6984, 3110), (234.3964, 3120), (226.1124, 3130), (210.41819999999998, 3140), (211.84380000000002, 3150), (208.5028, 3160), (223.9212, 3170), (228.7412, 3180), (206.5514, 3190), (205.9494, 3200), (203.8744, 3210), (215.1276, 3220), (204.065, 3230), (224.4788, 3240), (204.9028, 3250), (200.9556, 3260), (231.7302, 3270), (201.4722, 3280), (208.9964, 3290), (197.9844, 3300), (198.287, 3310), (225.152, 3320), (195.4484, 3330), (198.45139999999998, 3340), (199.0212, 3350), (193.69119999999998, 3360), (193.7824, 3370), (206.6286, 3380), (190.8736, 3390), (191.0716, 3400), (189.5686, 3410), (192.3242, 3420), (188.9512, 3430), (212.30620000000002, 3440), (186.9126, 3450), (187.589, 3460), (186.1136, 3470), (208.16219999999998, 3480), (201.5766, 3490), (207.59799999999998, 3500), (196.6352, 3510), (195.9342, 3520), (180.6492, 3530), (180.4014, 3540), (181.2244, 3550), (179.6428, 3560), (191.536, 3570), (176.863, 3580), (179.76160000000002, 3590), (178.6272, 3600), (175.7308, 3610), (174.58679999999998, 3620), (198.3116, 3630), (175.2272, 3640), (190.2106, 3650), (185.6404, 3660), (171.3914, 3670), (173.188, 3680), (176.8392, 3690), (189.9758, 3700), (182.1944, 3710), (166.51319999999998, 3720), (166.3236, 3730), (166.7798, 3740), (164.8692, 3750), (164.12, 3760), (163.3524, 3770), (165.421, 3780), (165.6984, 3790), (164.4812, 3800), (169.4538, 3810), (182.4872, 3820), (170.7568, 3830), (180.30360000000002, 3840), (158.09, 3850), (157.428, 3860), (175.9938, 3870), (162.1194, 3880), (167.80880000000002, 3890), (154.9274, 3900), (153.5112, 3910), (173.736, 3920), (156.31040000000002, 3930), (152.0726, 3940), (154.9892, 3950), (159.2284, 3960), (148.7732, 3970), (164.0868, 3980), (147.7576, 3990), (149.25060000000002, 4000), (154.4068, 4010), (145.06040000000002, 4020), (159.593, 4030), (144.7928, 4040), (147.0308, 4050), (161.3688, 4060), (141.682, 4070), (140.4718, 4080), (139.67940000000002, 4090), (531.7922, 4100), (528.76, 4110), (522.5748, 4120), (525.5192, 4130), (526.4274, 4140), (520.5672, 4150), (566.157, 4160), (519.2562, 4170), (524.5994, 4180), (519.1606, 4190), (524.7526, 4200), (560.9388, 4210), (518.048, 4220), (514.7456, 4230), (559.5054, 4240), (558.5456, 4250), (557.4148, 4260), (557.0355999999999, 4270), (565.0592, 4280), (510.8812, 4290), (560.626, 4300), (553.6614, 4310), (552.5418, 4320), (515.4372, 4330), (510.701, 4340), (509.6764, 4350), (550.9576, 4360), (549.4302, 4370), (548.2032, 4380), (547.802, 4390), (547.3978, 4400), (509.4564, 4410), (504.1858, 4420), (538.8258, 4430), (499.69259999999997, 4440), (506.51, 4450), (499.993, 4460), (542.3174, 4470), (541.8162, 4480), (534.5124000000001, 4490), (495.165, 4500), (539.6868, 4510), (528.0682, 4520), (493.2282, 4530), (537.501, 4540), (492.837, 4550), (498.44939999999997, 4560), (488.8954, 4570), (525.8484, 4580), (489.04179999999997, 4590), (533.2442, 4600), (532.3838, 4610), (532.8766, 4620), (509.99899999999997, 4630), (484.5542, 4640), (516.3932, 4650), (482.7134, 4660), (482.9608, 4670), (484.2266, 4680), (527.3604, 4690), (483.6492, 4700), (484.5204, 4710), (482.2628, 4720), (478.0614, 4730), (502.5614, 4740), (522.384, 4750), (479.5892, 4760), (482.534, 4770), (482.123, 4780), (471.541, 4790), (473.6908, 4800), (505.6302, 4810), (475.2464, 4820), (469.92179999999996, 4830), (469.6986, 4840), (492.43820000000005, 4850), (474.2914, 4860), (513.2256, 4870), (469.55580000000003, 4880), (504.8406, 4890), (464.21, 4900), (465.1164, 4910), (487.1426, 4920), (463.468, 4930), (462.00280000000004, 4940), (462.288, 4950), (462.63120000000004, 4960), (462.626, 4970), (491.8448, 4980), (504.0028, 4990), (459.3502, 5000), (457.9606, 5010), (490.45860000000005, 5020), (500.4954, 5030), (484.7814, 5040), (499.761, 5050), (453.18919999999997, 5060), (453.0484, 5070), (452.54220000000004, 5080), (453.1096, 5090), (472.852, 5100), (489.794, 5110), (495.6656, 5120), (535.9428, 5130), (499.6162, 5140), (495.2266, 5150), (494.64, 5160), (496.059, 5170), (497.9622, 5180), (498.851, 5190), (491.1618, 5200), (525.8958, 5210), (535.544, 5220), (523.4174, 5230), (489.0308, 5240), (519.6598, 5250), (487.7556, 5260), (487.5946, 5270), (516.5360000000001, 5280), (493.51840000000004, 5290), (487.8338, 5300), (529.071, 5310), (485.46680000000003, 5320), (526.833, 5330), (482.3938, 5340), (482.5944, 5350), (506.5156, 5360), (482.028, 5370), (486.8972, 5380), (478.4024, 5390), (481.26259999999996, 5400), (521.5888, 5410), (479.0722, 5420), (479.396, 5430), (518.9422, 5440), (513.9542, 5450), (472.5534, 5460), (493.8306, 5470), (516.115, 5480), (471.3648, 5490), (472.9716, 5500), (473.121, 5510), (515.9854, 5520), (508.00460000000004, 5530), (466.33360000000005, 5540), (466.1436, 5550), (467.033, 5560), (467.09000000000003, 5570), (496.472, 5580), (462.5712, 5590), (465.6402, 5600), (462.4554, 5610), (463.2964, 5620), (462.32959999999997, 5630), (490.4316, 5640), (465.895, 5650), (465.6272, 5660), (465.3348, 5670), (456.9346, 5680), (501.7716, 5690), (454.5876, 5700), (454.18820000000005, 5710), (453.5082, 5720), (452.0122, 5730), (451.2792, 5740), (496.0388, 5750), (470.8238, 5760), (496.42560000000003, 5770), (450.8552, 5780), (449.8138, 5790), (447.79019999999997, 5800), (446.1912, 5810), (446.7078, 5820), (491.1514, 5830), (444.641, 5840), (443.8174, 5850), (464.12399999999997, 5860), (449.3428, 5870), (487.7128, 5880), (441.2824, 5890), (439.82919999999996, 5900), (445.8408, 5910), (483.84680000000003, 5920), (437.3056, 5930), (443.885, 5940), (441.77139999999997, 5950), (481.28880000000004, 5960), (438.5268, 5970), (439.1018, 5980), (463.5354, 5990), (465.6746, 6000), (471.2634, 6010), (435.585, 6020), (462.0282, 6030), (475.5094, 6040), (428.15659999999997, 6050), (428.6954, 6060), (473.05379999999997, 6070), (434.076, 6080), (431.4802, 6090), (440.3552, 6100), (423.8402, 6110), (427.1984, 6120), (445.1768, 6130), (422.6092, 6140), (421.2642, 6150), (458.69059999999996, 6160), (460.214, 6170), (461.2246, 6180), (464.1142, 6190), (463.4122, 6200), (462.5812, 6210), (423.9922, 6220), (453.8344, 6230), (458.5966, 6240), (459.0344, 6250), (459.3252, 6260), (420.897, 6270), (441.9896, 6280), (427.2534, 6290), (411.4758, 6300), (455.1404, 6310), (454.506, 6320), (454.58160000000004, 6330), (413.7478, 6340), (408.6028, 6350), (452.4004, 6360), (451.848, 6370), (451.5598, 6380), (450.257, 6390), (448.3814, 6400), (408.1852, 6410), (401.9906, 6420), (405.7094, 6430), (400.8246, 6440), (431.5294, 6450), (398.7478, 6460), (435.5468, 6470), (422.2894, 6480), (396.0892, 6490), (423.9962, 6500), (394.5128, 6510), (419.829, 6520), (394.225, 6530), (394.8546, 6540), (437.7102, 6550), (396.863, 6560), (391.157, 6570), (411.1374, 6580), (392.58419999999995, 6590), (389.7848, 6600), (392.4596, 6610), (432.2688, 6620), (429.44359999999995, 6630), (405.923, 6640), (431.0684, 6650), (388.3394, 6660), (428.77079999999995, 6670), (387.938, 6680), (381.957, 6690), (381.168, 6700), (380.5684, 6710), (386.8772, 6720), (415.2498, 6730), (378.4936, 6740), (403.99600000000004, 6750), (376.46160000000003, 6760), (377.9866, 6770), (403.5872, 6780), (374.548, 6790), (374.8412, 6800), (385.474, 6810), (376.3982, 6820), (377.023, 6830), (371.571, 6840), (370.4988, 6850), (381.0008, 6860), (370.6226, 6870), (372.5194, 6880), (369.5972, 6890), (372.13079999999997, 6900), (369.813, 6910), (365.7948, 6920), (365.606, 6930), (364.3238, 6940), (363.3904, 6950), (363.0852, 6960), (362.1422, 6970), (360.7958, 6980), (360.4652, 6990), (360.0978, 7000), (474.2384, 7010), (364.2244, 7020), (370.1666, 7030), (360.1008, 7040), (358.1502, 7050), (357.4136, 7060), (374.362, 7070), (387.8008, 7080), (352.4626, 7090), (352.1304, 7100), (397.2296, 7110), (358.661, 7120), (359.79359999999997, 7130), (363.5366, 7140), (373.77139999999997, 7150), (391.3768, 7160), (347.648, 7170), (347.03659999999996, 7180), (344.5796, 7190), (351.4298, 7200), (350.5426, 7210), (345.9452, 7220), (346.5668, 7230), (356.8276, 7240), (360.541, 7250), (342.945, 7260), (340.6744, 7270), (339.3922, 7280), (338.302, 7290), (383.45799999999997, 7300), (339.7244, 7310), (335.78659999999996, 7320), (374.5722, 7330), (339.7074, 7340), (337.3806, 7350), (352.0624, 7360), (351.91499999999996, 7370), (332.8112, 7380), (332.26619999999997, 7390), (330.9068, 7400), (372.2588, 7410), (374.1676, 7420), (327.66679999999997, 7430), (327.478, 7440), (350.9732, 7450), (328.38759999999996, 7460), (327.261, 7470), (370.04679999999996, 7480), (330.1082, 7490), (329.1936, 7500), (345.87940000000003, 7510), (323.8604, 7520), (320.77119999999996, 7530), (324.3042, 7540), (319.8956, 7550), (318.3836, 7560), (326.4244, 7570), (317.205, 7580), (316.4696, 7590), (316.1766, 7600), (318.8692, 7610), (320.1662, 7620), (318.761, 7630), (314.1544, 7640), (312.4892, 7650), (312.4224, 7660), (311.1956, 7670), (332.1556, 7680), (309.22679999999997, 7690), (349.589, 7700), (311.23240000000004, 7710), (311.1096, 7720), (307.077, 7730), (319.5696, 7740), (303.93, 7750), (316.9346, 7760), (347.4012, 7770), (303.9212, 7780), (341.501, 7790), (327.2316, 7800), (304.3082, 7810), (342.41339999999997, 7820), (332.029, 7830), (310.935, 7840), (297.263, 7850), (319.0886, 7860), (298.648, 7870), (338.017, 7880), (320.986, 7890), (294.948, 7900), (331.3418, 7910), (295.6358, 7920), (338.8444, 7930), (293.7228, 7940), (289.7912, 7950), (314.573, 7960), (331.564, 7970), (289.444, 7980), (315.5358, 7990), (324.3658, 8000), (290.6724, 8010), (287.8126, 8020), (295.3374, 8030), (283.4636, 8040), (288.6046, 8050), (295.4996, 8060), (324.12760000000003, 8070), (292.4568, 8080), (279.7418, 8090), (317.7212, 8100), (321.4302, 8110), (291.1752, 8120), (314.95599999999996, 8130), (274.5616, 8140), (290.9262, 8150), (275.618, 8160), (274.8856, 8170), (274.7528, 8180), (292.75239999999997, 8190), (656.1078, 8200), (655.9752, 8210), (654.581, 8220), (699.8952, 8230), (660.1546, 8240), (655.8936, 8250), (698.2760000000001, 8260), (694.6244, 8270), (698.2744, 8280), (651.1056, 8290), (650.3062, 8300), (693.9138, 8310), (652.2984, 8320), (694.4848000000001, 8330), (692.4392, 8340), (646.331, 8350), (645.5112, 8360), (644.2542, 8370), (690.2646, 8380), (689.5978, 8390), (688.1028, 8400), (642.4674, 8410), (640.9632, 8420), (686.0476, 8430), (685.0564, 8440), (685.215, 8450), (638.4694, 8460), (636.5824, 8470), (682.683, 8480), (635.5618000000001, 8490), (636.1506, 8500), (684.1178, 8510), (632.408, 8520), (679.4245999999999, 8530), (631.9984000000001, 8540), (677.3912, 8550), (676.11, 8560), (630.0676, 8570), (675.1142, 8580), (637.4528, 8590), (673.3626, 8600), (631.4976, 8610), (626.1974, 8620), (671.8154, 8630), (623.7286, 8640), (670.0888, 8650), (669.0606, 8660), (621.895, 8670), (666.5102, 8680), (629.9480000000001, 8690), (665.553, 8700), (665.2712, 8710), (663.9742, 8720), (617.6501999999999, 8730), (662.8322, 8740), (662.6168, 8750), (660.8504, 8760), (659.7812, 8770), (660.1863999999999, 8780), (659.1182, 8790), (613.0382, 8800), (658.6548, 8810), (657.4096000000001, 8820), (655.941, 8830), (617.6606, 8840), (611.7746, 8850), (653.7502000000001, 8860), (653.4224, 8870), (606.3412, 8880), (614.6972, 8890), (606.1272, 8900), (649.941, 8910), (649.4648, 8920), (648.2124, 8930), (648.8018, 8940), (645.2028, 8950), (600.5882, 8960), (646.6288000000001, 8970), (644.7112, 8980), (645.2076, 8990), (643.5426, 9000), (642.8118, 9010), (643.1895999999999, 9020), (642.105, 9030), (638.6558, 9040), (595.3664, 9050), (640.0456, 9060), (638.5282, 9070), (634.5388, 9080), (633.224, 9090), (591.0448, 9100), (636.2521999999999, 9110), (635.924, 9120), (632.325, 9130), (588.6874, 9140), (633.622, 9150), (631.7498, 9160), (586.1306000000001, 9170), (630.8697999999999, 9180), (625.4942, 9190), (584.2542, 9200), (585.9516, 9210), (628.5076, 9220), (628.3516, 9230), (580.8528, 9240), (585.9712000000001, 9250), (624.595, 9260), (624.1988, 9270), (578.1684, 9280), (669.545, 9290), (621.3392, 9300), (576.666, 9310), (621.1704, 9320), (574.099, 9330), (578.3014000000001, 9340), (618.2922, 9350), (574.0068, 9360), (616.7302, 9370), (570.9567999999999, 9380), (613.0424, 9390), (614.9078, 9400), (614.232, 9410), (568.6759999999999, 9420), (567.9048, 9430), (608.829, 9440), (565.3998, 9450), (564.3478, 9460), (564.0586, 9470), (563.1172, 9480), (565.4442, 9490), (566.4452, 9500), (605.235, 9510), (606.4206, 9520), (604.416, 9530), (559.2558, 9540), (558.4708, 9550), (557.1724, 9560), (556.734, 9570), (555.958, 9580), (564.6894, 9590), (554.3148, 9600), (598.0906, 9610), (594.8006, 9620), (598.7090000000001, 9630), (586.309, 9640), (596.106, 9650), (549.2576, 9660), (549.5015999999999, 9670), (594.9394, 9680), (599.7536, 9690), (552.3218, 9700), (548.6352, 9710), (546.3118, 9720), (544.7354, 9730), (589.4688, 9740), (545.3238, 9750), (542.86, 9760), (542.3614, 9770), (587.1106, 9780), (541.1632, 9790), (564.3770000000001, 9800), (538.8172, 9810), (538.672, 9820), (582.9506, 9830), (537.1684, 9840), (536.657, 9850), (581.3244000000001, 9860), (534.9446, 9870), (579.743, 9880), (533.5908, 9890), (577.48, 9900), (532.5754000000001, 9910), (531.0118, 9920), (576.4506, 9930), (529.8006, 9940), (574.773, 9950), (530.2772, 9960), (620.0694, 9970), (572.191, 9980), (572.2458, 9990), (535.9206, 10000)]
